116 . 66111 6161616661. ’

Constantinus Mugui 1. 401. uenenis· 7666116111. 8335,
- Michaelis Augeli 116161 7638. Deru. Τ61616618433,8477, 8543, 8559.
- Μ6666661ι61 3096, 3172. Demophilus 9645.
- 11661116162653. 0616661617424. 1
- Pogonnutns 1441, 8966. 116616 9153 1
- 'rnen 61619234 9239. Dexioorstes, (1616666111116619846. ,
- Το111661 9434, 9439. 11166161 1112.
Constantius, (1. M. 1. 401. 1111166565667225,7361,7359,7846,
(166161) 111661 8427 8086, 9049, 9075, 10236.
Contostephuuos Duoss 4935, 8436, Didymus 1144, 9790.

8647, 10157. Diocletianus 251, 269.
corcyrees urx 4120. Diogenes 3932.
(1611615617279, 7285. Diomedes 6611112540.
Corradus 4108, 5830, 5348, 5854. Dionysus 161.
(1616ἳ1043ἓ166110145.8161616111ιὶ-Βίξιῶοὸιω 1013, 9720, 9729, 9775,
conuiuium 6798, 10169. 1116166161 764 823, 835, 977.
Coty 666 unx 5005. 11166 8512.
(11616 1515, 2235, 2527, 2555. 06161661, Pleas 66661 6714.
0666623810661116116143.
(11161661 8968, 8983. . - 1616616111 9604
(116168710. Dory 16666 4379, 4641.
(116666 7535. 11136161 8491, 9000, 9015.
(111518957. 1116116666 7687 8601, 9114.
(16661619621. Ε

(1661616161 8530.
(1161611 66617752. E 1557, 5221, 5984.

Cyprianus 192 2734, ’'299s3033, 3097.
(1161613525 5388, 53915981, 5986 Eetion 7249

991 8161611611 'uehat 1161619691 .
(11116116 6240, 5947. 141616611619580 ἓ
(1166669808.111161Τ1161511612580
(11 61161661 9597 ‘Euryelos 1166116111 2474
(1’111,1161742 6517. 416166666619700. 1161166161 9771.
(11161772,773..466111111111)16151161 Ephesus 9462, 9699. sots' Εφ. 11

. 9881. 61111616616111619721
(11161116 7535. Ephori mousst. 5595.
ο’1666141,1415,1604,65369546, 811165668968.

9708,10175 1161661612. ⁴

, ¹³· 91111Ἢ159’1146,1666661,.166
11161 882. 1111661 1166116161 5689
1166151166 8313. ’ - 8.Ρ6611666616713.

Delmatia 233, 3491, 7673. 1011661161 limes, 6111161.
Duruooruniu 6664. Erinnys 251, 965, 1648, 4982, 5057,
1166116161 6767 7179, 7223. 5219.
11666166 7814. ‚ > 111161(1111661)7241,7244,7409,7429,
0611661169491, 9512. 7678, 7709, 7734, 8729.
1161111 1176, 2833 3715, 4154, 4581, 1116161 1179.

5020, 5268, 5327. liusg 11619649.
David (16666661 75217533. Euboea 7316
Deubolis 8091, 8698, 8729, {tununnensis 9762..
Debeltum 6871, 5878, 6937. 11666616 713, 2512, 7297, 9289.
0611616 1887, 3185, 7896. - 116661 161618616.
Decius 189, 200. - Annaei. 7834. ’
1166611161 Bulgsrus 7698. 1166666 677, 9684.
1166. 6611115776, 5784, 7824. 1161161161 9640.

 

