ὃ “vn ι ἱ

INDEX fflswmcus.

425

8661166161, 66185166 1166661666 0561662872.

6411, 6942.
8666511116 10191.
8661166 7826 8051. ·
866116 187
8666615701 6089. 6125.
mmfflmffi.
1166666ὣὲ774.

Bm
868616616661666 8679.

111524, 2011, 2019, 2059 2

0116186166 829, 980, 1820, 4928,
6111 ,111 1006

1116611

gfflobessam.

61115115

05616 5491.
450,(25666661508,1522,1585,1542,1562.

Βιι2158824897655,7758,7757,8104, 0566666666 8195

8290, 82949000, 92289281, 9288.

8616666566· 166 9090.
B 6666116111 889, 495, 6511187, 1487,

0511666 2451, 7750.
0561166 4401, 4588.
Choma 1855, 1887.

1529, 1508, 2784, 8815, 5272 618. 0516661116 8856.

⁰⁸ 1

0656111166 9884.
0611666, 61616116 5189
0666166 (11616161) 8411
061661 (Καῖσαρ) 8417.
06166 0656 6162, 19.
06166666 6666 7755.
Caledonius 6985.

06111666666 8885, 8488, 8755, 9225.
0611161666866661468
0611166651 7981 8178, 8195.

0616611166 86611166 6. 86611166.
06656 666 5221.

111111111161161.

ΜΗΜΜΆΜΜΜ,

1656, 2594 816
05 6666615166701, 781, 784.
(511¹.y 686656 9824
chrysostomus 749, 9705

’ 0566 666 8166566 6452, 5454, 5457,

6586, 6514.

’ mmm.

0816664009, 7718.

0111616 2857, 8870, 85844210.
0166668484

citabis 9158.

0166111666 116 46684587

061161γ 1666 5845, 5477, 5584, 6558, 0166115011, 215.

661.
campanus 8581

0661619158.
6116611 ·
Caracalla Antonius 156.
0661666242. .

0666166 Μ. 1941. 8666111166 1962,
19541971.

061116 288

061656 8922

0616 666 8628

06616666 8866 8890.

06611666 9597

0661163500, 8503, 8591, 8729,
9148, 9878.

06166616 8222

06166866 64691.

06686666 8128

0615166616 7580, 7750.

0611667184.

11111111..

05656186 9189 9157, 9868.
Chaeronea 4429

01616666 145.

08818666 ’.61819

0816666 5¹¹¹3901.

0616666 680.

commi 6068, 6542, 6552, 9680.

06666166 148.

555585155556769161711,
1811 ,247025882965 8461, 8497,

0561155645555166 257 258, 277, 280,

-25566 0666166861 M. 401. 61166

08111156566619 1889,1858,1851,
1885,1899,1960.

;.· 11111· 1111

- 0511666666 10178.

-0618661666 172017501768,

-1526866998257, 8285.

- 566616 61. 2688, 2705, 2709, 2747.

- 11661166,6616161’6569848,9959.

- 81661161 298, 815, 825, 827, 845

 

